-44.445058
10.793991
-4.520590
25.774185
-27.043105
2.680182
90.445945
83.239014
27.142346
43.459386
-71.679489
21.393775
-96.739886
-51.422646
-72.553685
60.835351
-68.664182
-19.811121
-74.041911
-78.238240
99.784904
-56.348619
2.586479
67.822447
22.527967
-40.793676
27.510454
4.857438
-1.283403
94.555005
-41.496643
54.271540
5.348996
53.982767
-19.954276
78.305890
-43.337051
-29.508331
61.544904
83.805295
-86.048945
89.865415
5.199070
-82.788830
-61.557231
32.645385
78.046521
-30.221413
-87.165736
-95.995390
-8.459653
-87.380832
-52.344009
94.126826
80.441615
70.183957
-46.666850
7.952068
-24.958605
52.049747
2.507073
33.544752
6.321287
-92.143931
-12.472481
86.367011
86.161959
44.190469
-43.141319
47.706863
27.995763
-29.190264
37.572278
-66.805167
-11.979094
76.015047
65.840219
-33.932574
-54.206366
78.674483
-29.927964
37.333982
91.293651
17.728027
31.460808
71.735265
-12.088016
84.793958
-20.312667
62.953379
36.843705
82.194406
-3.501869
-56.835008
90.050475
84.025651
-70.467997
76.212434
28.216119
-13.609316
23.919297
-43.788118
57.200420
-38.508425
-10.593284
-54.778675
-62.493378
-44.753066
11.288751
-16.699744
-66.078583
81.360787
-79.365762
-74.784932
-0.911187
52.095046
96.950333
87.000797
36.889003
-23.362334
49.954176
-26.267292
-41.167928
-53.547692
16.897700
-51.117453
-69.522042
46.429703
-74.905019
58.694078
-67.179613
49.014278
-85.094040
90.020806
-89.494148
4.312676
-64.757869
-51.987526
59.559610
46.530882
31.312731
93.481028
27.891669
51.946968
-81.303905
-73.019518
4.042014
-84.353572
-86.018720
-59.068983
-7.715905
63.935456
14.663726
51.116167
-89.612236
-68.438574
99.998714
-59.134278
77.991129
-74.906305
99.559800
-89.188484
74.107973
-85.534240
-99.167678
84.613825
18.778436
-63.925547
-67.373700
-21.661954
82.605335
63.939031
-28.180926
10.497004
15.885999
-9.484831
37.477487
-80.071987
6.161598
51.458766
-39.140970
98.445692
15.394223
75.522756
49.561859
25.781986
-92.915819
49.560573
66.647708
85.075310
74.654269
66.207508
95.886826
48.762241
80.673268
96.719148
33.376067
-0.548296
-67.206399
66.002367
77.789750
-84.601064
29.941397
-50.391176
25.895941
-54.172604
40.123993
-36.626573
-34.244591
-53.714410
-85.167806
26.614439
-55.268717
30.226416
2.137194
94.293142
-43.991597
9.221376
43.853715
-77.343889
-5.703314
18.507984
88.863619
-9.816488
-32.729775
69.536887
-13.097341
-99.353708
-31.011409
19.696260
66.648659
-53.221659
35.095196
-3.409944
-3.612835
-39.008863
42.417452
-63.488843
24.364564
-91.827139
-17.203252
39.196758
34.787299
27.528031
-30.576825
-63.075506
21.821172
25.431577
46.145869
-34.325112
48.087688
-59.557445
84.182871
36.951307
30.626066
-48.546904
6.488195
-82.471274
-47.900612
75.476786
37.224986
-81.251953
-77.744874
-27.679818
15.338103
18.642291
33.311318
-42.244445
55.153449
-42.324118
-34.071584
-62.049804
96.872641
-99.284285
65.478227
-33.704185
-62.359792
-12.700601
91.727392
83.786078
52.974287
39.815081
-75.771368
37.157158
-23.233612
54.854699
88.610255
83.254582
72.383425
-59.290357
58.731368
9.608410
-40.542310
80.986494
81.928592
74.795794
-0.371215
15.239910
-67.448651
-45.217766
72.915792
-1.520236
-7.267570
69.788433
-0.804521
-41.789343
-63.915752
36.835688
45.510057
-72.188360
20.621765
-1.515656
67.626721
44.850398
-64.358498
-55.606892
-0.294904
-75.748243
-72.352309
-27.911479
-35.038600
86.379059
81.696931
24.419090
67.365553
63.625522
-0.785116
-33.005662
-21.134568
31.766233
21.776572
-48.218776
-69.754003
-85.490998
-78.430344
29.441476
-27.280341
-42.346096
-33.722836
-81.770284
-14.534456
86.898929
16.714060
-46.907735
31.749327
52.355562
-2.514627
-68.545577
76.607318
25.133064
3.542944
-58.431282
11.512123
-14.760125
65.987809
-21.122325
-51.134603
-34.797307
45.872014
27.730829
96.968925
-32.351415
79.512053
-72.785078
-17.842412
-98.918290
56.656399
54.877247
-41.264386
-77.066437
73.106963
44.201158
-90.167508
-10.178978
97.293423
41.581819
-57.823416
-5.221205
73.036242
-81.216098
-80.088141
-23.420813
-39.647380
31.423982
61.819062
-73.659571
-89.698343
-89.315541
-8.456878
56.173671
38.415288
-11.487953
-76.177744
17.927342
15.726969
5.979844
19.009051
-27.616632
-39.142909
77.744665
-4.683069
-66.035946
21.945823
5.149423
23.785076
19.239245
-53.268758
65.961660
-85.981959
-80.232516
84.745562
-66.070100
-3.653329
-54.901818
65.353882
-41.834267
-28.561389
75.655539
-31.149808
62.981733
31.829210
-92.734520
-48.506220
55.651466
25.192822
67.220750
-38.368690
-55.798127
-60.395882
22.488401
-78.053462
34.921049
56.452454
43.892361
-59.929528
-19.762470
-36.868394
-13.198286
-53.800810
-22.850353
6.569198
-69.055248
11.079547
-97.084131
-23.957065
-23.566571
-38.918399
47.481546
-47.911032
29.931793
10.463279
83.918178
37.197273
61.957059
39.569645
-37.609906
29.177809
-98.799045
6.591967
68.781926
23.689355
28.538505
3.702975
-19.858190
-27.569134
43.773447
60.379340
35.562472
-69.424840
-93.421470
-87.287881
37.144358
-62.476718
23.791667
40.060227
13.566217
-99.774904
-98.858172
-38.952237
-47.685936
31.073621
71.511042
-63.767757
-31.729106
33.468102
75.801887
30.660989
-37.354090
77.002842
-62.747044
-68.572163
0.692197
65.791461
35.130812
80.834007
-61.777672
-21.095742
41.213346
73.784800
9.479419
47.791877
86.496920
-53.376223
85.315159
10.288586
86.684004
-1.118624
10.513682
87.825833
59.929139
62.827746
18.899454
31.440182
99.059989
87.170348
-35.091717
74.861876
17.831337
27.554194
51.864718
55.084293
58.982030
-47.443085
20.875754
-5.887158
-66.609078
59.098082
73.017101
74.604268
32.882882
-17.503481
22.396144
19.379801
29.120297
7.711303
-70.331612
15.804301
-93.407321
40.182070
3.630134
66.521819
3.009816
-77.470412
-2.038000
2.069805
-90.300064
62.870284
-23.068318
27.531273
-9.575523
-71.203600
-17.384434
-50.593492
-18.646685
-96.508679
43.519350
14.744236
62.589403
16.536450
-10.651496
-4.527715
99.032970
-88.255351
-85.147914
28.153266
19.455952
-55.479526
-56.042433
26.048631
84.702543
47.587701
-7.429550
-12.287640
70.117289
90.532450
89.782165
79.817226
53.402734
-33.286154
7.348499
-56.172788
-4.489754
89.964065
-6.766281
76.863561
93.455386
-63.246931
-8.392203
56.044788
53.289519
80.956302
-48.482927
52.322489
92.700950
-33.630841
-19.524245
12.156902
10.889633
24.433322
-61.794466
-4.407824
-27.978977
30.775984
83.304535
-57.861688
21.308434
73.086700
-78.044462
-25.288832
-60.199453
29.304037
18.538379
35.310793
19.268102
-88.227901
12.174354
12.723488
-51.474832
-96.217849
-31.231724
-98.185313
84.738453
20.285349
54.137176
77.439403
86.654508
-65.387069
-10.403695
-2.455860
59.046253
27.801839
93.136316
-68.932724
-41.422177
76.440852
-26.794411
79.886256
49.527552
-4.838874
-45.402576
89.328098
-75.534837
73.135804
24.638891
43.733265
84.907902
-63.186755
-43.543248
-66.566930
-59.404604
25.225028
-64.752243
-74.666151
-54.489623
89.384933
-97.226749
-67.835115
-76.002136
-7.630443
29.709025
83.044117
-79.828604
22.845341
-85.888606
-21.250782
-0.713807
-12.683018
-41.364525
-51.186256
82.478108
13.232899
-61.858157
-93.056729
-13.631297
62.780734
50.676536
-28.723395
99.593979
-92.866712
4.709675
-59.810625
32.358316
39.957432
-34.476777
77.868693
29.342366
-31.703525
-89.966423
53.340230
60.666032
39.742602
36.384347
80.837427
-37.412057
50.495741
-40.413355
61.874135
-62.187277
18.222120
-89.312120
-79.709169
-68.544981
-51.170277
-72.765898
17.823721
-88.389543
77.910638
89.100326
-88.795565
85.043925
-6.189999
-48.606190
17.402241
-66.232567
16.917034
-4.729067
63.109799
85.213509
5.304510
16.450029
45.879540
-54.952888
-47.165624
26.716967
7.635055
-96.669884
86.303612
-30.490809
-58.857161
4.525732
-19.802930
-38.566330
35.980751
29.026793
-11.332228
-46.195528
40.637249
-33.421591
-57.095202
51.841685
-48.377665
36.714799
-96.764505
69.024576
70.482233
20.152529
-35.704491
33.592032
5.366037
69.600019
-49.957940
-48.754423
-85.352868
2.876436
77.962544
22.282187
6.206552
64.266157
91.791377
47.349391
-31.208111
-28.011552
-91.216939
-95.227360
-98.984759
-2.549167
-41.422888
41.652490
64.029242
1.481910
-6.505825
-84.348424
-61.803290
-3.270330
84.676152
-91.321058
-83.117801
-51.028339
42.270974
22.248236
-81.428320
92.313035
73.493814
-66.781188
-4.810529
51.456358
55.500999
-98.603977
15.722515
47.292376
48.745414
84.514404
-80.719176
57.528475
89.287044
-79.703935
-45.020692
-52.135844
61.948555
-80.991450
49.346066
-44.557270
-65.339874
87.542776
52.172400
-80.663722
96.221718
69.054599
-31.692061
38.492692
-8.697165
-13.120381
30.805727
-35.203351
20.098431
-74.004802
-83.746993
-24.400570
-72.608779
31.975522
-77.108194
76.136635
16.489926
-57.827370
33.665110
5.776969
-37.531305
88.644418
53.641125
-75.582750
-92.347033
2.987191
-20.140021
-57.686907
-9.470034
-67.967621
-38.350629
-13.248316
-98.913022
29.957310
-74.755624
-7.610187
-83.163071
56.050103
57.186462
36.935360
82.045301
73.439469
-87.465210
-90.563479
5.414991
-64.573404
85.573156
-78.095083
-22.400773
19.238266
27.681886
40.067922
7.882684
-18.676989
64.485172
15.535651
84.310202
-55.654849
57.848744
-25.159832
-23.622470
-80.501885
61.591852
-22.535492
49.455425
86.836228
69.854322
66.292354
42.886331
27.040784
3.227714
24.931632
0.480253
15.762503
34.368153
-94.104755
51.189100
19.941309
-72.199838
-71.211674
-60.820425
55.482048
68.856248
47.062259
-63.194941
33.341419
-37.402091
-78.884740
77.686570
-79.553347
-4.044572
-45.935899
-60.055232
-42.452720
31.528609
89.400193
-55.616492
1.382931
55.692547
87.269839
-71.576285
-41.079740
12.201471
28.903968
74.682764
-53.430376
34.799213
25.871863
66.510933
62.599375
54.660189
-94.309492
18.081422
23.516437
52.752766
54.886481
-43.142144
-84.649325
76.001742
-65.455574
-64.202671
-28.042830
-11.391473
-24.257903
29.504449
-79.862864
-34.857710
73.887957
21.520067
-79.165164
61.157796
49.943782
-20.244904
-26.640733
-21.152250
-45.562140
19.928890
-86.353037
80.309723
-13.560177
76.246338
34.969912
-7.869670
-5.672240
-41.513651
-55.116904
-50.785759
15.344206
-39.766228
-74.784017
49.888632
-3.968900
-2.826848
-61.502841
71.773197
-73.322398
-41.365705
-63.084514
-99.434441
80.154362
-42.249677
61.723355
30.098144
37.505419
-64.917379
-91.054106
91.943279
55.011511
-77.407143
72.253002
-58.548666
98.839195
7.222915
33.581664
-6.833046
65.709264
78.464761
42.381196
-18.946531
-61.301468
67.597178
-69.057899
34.729632
-35.229670
-30.560739
6.502829
-8.552068
28.073556
43.418316
-7.986509
8.227918
-98.831362
-46.263154
-61.673938
